20×20 Matrix{Float64}:
 -3.12653  -2.99936  -2.80914  -2.31773  -3.23997  -2.41197  -2.9783   -3.56752  -2.26068  -3.6936   -2.94767  -2.35556  -2.66061  -3.53076  -3.01456  -2.93114  -2.80496  -3.01661  -3.52564  -2.15863
 -2.99936  -2.98989  -2.85215  -3.92525  -2.82475  -2.12576  -3.72734  -2.22165  -3.99801  -3.972    -2.05256  -2.09099  -3.62125  -3.83782  -2.91408  -3.87617  -2.67706  -2.1405   -3.46711  -3.20677
 -2.80914  -2.85215  -2.53769  -2.82685  -3.15347  -2.5969   -3.68006  -3.55354  -3.02567  -2.20328  -3.346    -2.17064  -3.45195  -3.10712  -2.81797  -2.59477  -3.08883  -2.26122  -2.27393  -2.7636
 -2.31773  -3.92525  -2.82685  -3.4561   -3.57578  -2.28253  -2.66423  -3.58254  -2.7043   -2.35341  -3.7417   -3.54901  -2.7555   -2.96477  -3.24966  -2.81479  -3.86658  -3.38541  -3.94636  -2.54575
 -3.23997  -2.82475  -3.15347  -3.57578  -2.40166  -2.75189  -3.95834  -2.76199  -2.98468  -2.81888  -2.76739  -3.96238  -2.89176  -2.62767  -2.27196  -3.50646  -2.17521  -2.52707  -3.77095  -3.41787
 -2.41197  -2.12576  -2.5969   -2.28253  -2.75189  -3.21935  -3.95927  -2.28281  -3.61788  -3.8512   -3.11609  -2.01698  -3.80372  -3.81907  -2.18949  -3.78452  -2.7986   -3.68289  -3.23807  -2.83682
 -2.9783   -3.72734  -3.68006  -2.66423  -3.95834  -3.95927  -2.66517  -2.05989  -2.65824  -2.65367  -3.2231   -2.46489  -3.69249  -3.5086   -3.27878  -3.76497  -3.88239  -3.93974  -3.82053  -3.61968
 -3.56752  -2.22165  -3.55354  -3.58254  -2.76199  -2.28281  -2.05989  -2.08662  -3.98954  -3.44317  -2.19228  -2.8313   -2.3281   -2.33928  -2.65367  -2.92504  -2.31482  -3.42962  -3.13466  -3.23756
 -2.26068  -3.99801  -3.02567  -2.7043   -2.98468  -3.61788  -2.65824  -3.98954  -2.85902  -3.87361  -2.80031  -2.83385  -3.95828  -3.33271  -3.63427  -3.50362  -3.01881  -3.65658  -2.10462  -2.35652
 -3.6936   -3.972    -2.20328  -2.35341  -2.81888  -3.8512   -2.65367  -3.44317  -3.87361  -3.50437  -3.61592  -3.59211  -3.35119  -3.39962  -3.93524  -3.18913  -3.77331  -3.60935  -3.12133  -3.43131
 -2.94767  -2.05256  -3.346    -3.7417   -2.76739  -3.11609  -3.2231   -2.19228  -2.80031  -3.61592  -2.7521   -3.19995  -3.62275  -3.87835  -3.95387  -3.42329  -3.90246  -2.89356  -2.12438  -3.82667
 -2.35556  -2.09099  -2.17064  -3.54901  -3.96238  -2.01698  -2.46489  -2.8313   -2.83385  -3.59211  -3.19995  -3.35931  -3.28957  -3.17617  -2.21157  -3.5407   -2.16875  -3.81565  -3.18102  -3.51855
 -2.66061  -3.62125  -3.45195  -2.7555   -2.89176  -3.80372  -3.69249  -2.3281   -3.95828  -3.35119  -3.62275  -3.28957  -2.17095  -2.56741  -2.82657  -3.15978  -3.85947  -2.03303  -2.90755  -3.59972
 -3.53076  -3.83782  -3.10712  -2.96477  -2.62767  -3.81907  -3.5086   -2.33928  -3.33271  -3.39962  -3.87835  -3.17617  -2.56741  -3.57612  -2.67297  -2.13679  -3.19134  -2.56088  -3.19867  -3.63865
 -3.01456  -2.91408  -2.81797  -3.24966  -2.27196  -2.18949  -3.27878  -2.65367  -3.63427  -3.93524  -3.95387  -2.21157  -2.82657  -2.67297  -2.44515  -3.43914  -2.56795  -3.85852  -3.72254  -3.56322
 -2.93114  -3.87617  -2.59477  -2.81479  -3.50646  -3.78452  -3.76497  -2.92504  -3.50362  -3.18913  -3.42329  -3.5407   -3.15978  -2.13679  -3.43914  -2.55433  -2.22153  -2.96071  -3.35991  -3.74605
 -2.80496  -2.67706  -3.08883  -3.86658  -2.17521  -2.7986   -3.88239  -2.31482  -3.01881  -3.77331  -3.90246  -2.16875  -3.85947  -3.19134  -2.56795  -2.22153  -3.29472  -2.01204  -3.64398  -2.15869
 -3.01661  -2.1405   -2.26122  -3.38541  -2.52707  -3.68289  -3.93974  -3.42962  -3.65658  -3.60935  -2.89356  -3.81565  -2.03303  -2.56088  -3.85852  -2.96071  -2.01204  -2.02598  -3.60296  -2.16765
 -3.52564  -3.46711  -2.27393  -3.94636  -3.77095  -3.23807  -3.82053  -3.13466  -2.10462  -3.12133  -2.12438  -3.18102  -2.90755  -3.19867  -3.72254  -3.35991  -3.64398  -3.60296  -3.35776  -3.48226
 -2.15863  -3.20677  -2.7636   -2.54575  -3.41787  -2.83682  -3.61968  -3.23756  -2.35652  -3.43131  -3.82667  -3.51855  -3.59972  -3.63865  -3.56322  -3.74605  -2.15869  -2.16765  -3.48226  -3.96242
energy = evaluate_energy(protein, J_mat) = -6.44619499540997
energy = evaluate_energy(protein, J_mat) = -7.546621816673911
energy = evaluate_energy(protein, J_mat) = -7.546621816673911
energy = evaluate_energy(protein, J_mat) = 0.0
energy = evaluate_energy(protein, J_mat) = -10.781494105959073
energy = evaluate_energy(protein, J_mat) = -15.277679448905998
energy = evaluate_energy(protein, J_mat) = -4.335299110549103
energy = evaluate_energy(protein, J_mat) = 0.0
energy = evaluate_energy(protein, J_mat) = 0.0
energy = evaluate_energy(protein, J_mat) = -5.653707587302695
energy = evaluate_energy(protein, J_mat) = 0.0
energy = evaluate_energy(protein, J_mat) = -13.99281681208388
energy = evaluate_energy(protein, J_mat) = -11.863875242567515
energy = evaluate_energy(protein, J_mat) = -23.105805778970375
energy = evaluate_energy(protein, J_mat) = -6.44619499540997
energy = evaluate_energy(protein, J_mat) = -20.492127770573827
energy = evaluate_energy(protein, J_mat) = -4.317253425893604
energy = evaluate_energy(protein, J_mat) = -6.44619499540997
energy = evaluate_energy(protein, J_mat) = -6.44619499540997
energy = evaluate_energy(protein, J_mat) = -5.653707587302695
energy = evaluate_energy(protein, J_mat) = -5.629570732086521
energy = evaluate_energy(protein, J_mat) = 0.0
energy = evaluate_energy(protein, J_mat) = -6.84658026219134
energy = evaluate_energy(protein, J_mat) = -5.3541197346659875
energy = evaluate_energy(protein, J_mat) = 0.0
energy = evaluate_energy(protein, J_mat) = -13.99281681208388
energy = evaluate_energy(protein, J_mat) = -4.18197365700121
energy = evaluate_energy(protein, J_mat) = -6.44619499540997
energy = evaluate_energy(protein, J_mat) = -7.546621816673911
energy = evaluate_energy(protein, J_mat) = -5.3541197346659875
energy = evaluate_energy(protein, J_mat) = -5.3541197346659875
energy = evaluate_energy(protein, J_mat) = 0.0
energy = evaluate_energy(protein, J_mat) = -4.443069379866946
energy = evaluate_energy(protein, J_mat) = -7.546621816673911
energy = evaluate_energy(protein, J_mat) = -5.597206115681928
energy = evaluate_energy(protein, J_mat) = -13.147242157735027
energy = evaluate_energy(protein, J_mat) = -7.546621816673911
energy = evaluate_energy(protein, J_mat) = -22.714982386269682
energy = evaluate_energy(protein, J_mat) = -30.492712623227707
energy = evaluate_energy(protein, J_mat) = -19.643138890845783
energy = evaluate_energy(protein, J_mat) = -6.499310958489946
energy = evaluate_energy(protein, J_mat) = -4.335299110549103
energy = evaluate_energy(protein, J_mat) = -37.731098329216785
energy = evaluate_energy(protein, J_mat) = -28.449040273801497
energy = evaluate_energy(protein, J_mat) = -15.992504173800935
energy = evaluate_energy(protein, J_mat) = -22.00284527839153
energy = evaluate_energy(protein, J_mat) = -29.58749267125284
energy = evaluate_energy(protein, J_mat) = -27.404894335510143
energy = evaluate_energy(protein, J_mat) = -21.889986495110335
energy = evaluate_energy(protein, J_mat) = -4.443069379866946
energy = evaluate_energy(protein, J_mat) = -7.387197524877989
energy = evaluate_energy(protein, J_mat) = -20.07045540929009
energy = evaluate_energy(protein, J_mat) = -18.471393678001718
energy = evaluate_energy(protein, J_mat) = -43.13711338137773
energy = evaluate_energy(protein, J_mat) = -34.196929485820846
energy = evaluate_energy(protein, J_mat) = -31.78001034243916
energy = evaluate_energy(protein, J_mat) = -35.54719598994862
energy = evaluate_energy(protein, J_mat) = -49.91114736566638
energy = evaluate_energy(protein, J_mat) = -15.23929602029804
energy = evaluate_energy(protein, J_mat) = -26.082821311911566
energy = evaluate_energy(protein, J_mat) = -18.111452540538522
energy = evaluate_energy(protein, J_mat) = -28.792355891668997
energy = evaluate_energy(protein, J_mat) = -17.527535836492966
energy = evaluate_energy(protein, J_mat) = -11.665257545128553
energy = evaluate_energy(protein, J_mat) = -12.685445020798944
energy = evaluate_energy(protein, J_mat) = -20.349509354417005
energy = evaluate_energy(protein, J_mat) = -7.631295298409585
energy = evaluate_energy(protein, J_mat) = -16.218702728647695
energy = evaluate_energy(protein, J_mat) = -10.194984814045243
energy = evaluate_energy(protein, J_mat) = -21.74374739753142
energy = evaluate_energy(protein, J_mat) = -17.381081841647948
energy = evaluate_energy(protein, J_mat) = -22.773111260087155
energy = evaluate_energy(protein, J_mat) = -34.560474749651064
energy = evaluate_energy(protein, J_mat) = -30.36111912525135
energy = evaluate_energy(protein, J_mat) = -17.14799157340421
energy = evaluate_energy(protein, J_mat) = 0.0
energy = evaluate_energy(protein, J_mat) = -20.38844476258911
energy = evaluate_energy(protein, J_mat) = -5.108663875625327
energy = evaluate_energy(protein, J_mat) = -17.492028547213366
energy = evaluate_energy(protein, J_mat) = -9.66667460653845
energy = evaluate_energy(protein, J_mat) = -15.177917115083496
energy = evaluate_energy(protein, J_mat) = -33.000227872719336
energy = evaluate_energy(protein, J_mat) = -23.13059769783949
energy = evaluate_energy(protein, J_mat) = -9.919182701489582
energy = evaluate_energy(protein, J_mat) = -19.787325757866245
energy = evaluate_energy(protein, J_mat) = -7.242506900773939
energy = evaluate_energy(protein, J_mat) = -26.643641885468345
energy = evaluate_energy(protein, J_mat) = 0.0
energy = evaluate_energy(protein, J_mat) = -13.381913364538086
energy = evaluate_energy(protein, J_mat) = -22.93025974753506
energy = evaluate_energy(protein, J_mat) = -27.315605330934016
energy = evaluate_energy(protein, J_mat) = -11.542558195589969
energy = evaluate_energy(protein, J_mat) = -6.718618511215385
energy = evaluate_energy(protein, J_mat) = -21.566166882651792
energy = evaluate_energy(protein, J_mat) = -25.603834623474988
energy = evaluate_energy(protein, J_mat) = -25.418264161433502
energy = evaluate_energy(protein, J_mat) = -43.198965809520175
energy = evaluate_energy(protein, J_mat) = -29.415245344465536
energy = evaluate_energy(protein, J_mat) = -36.682683353356154
energy = evaluate_energy(protein, J_mat) = -37.22233593748605
energy = evaluate_energy(protein, J_mat) = -14.78912871744785
energy = evaluate_energy(protein, J_mat) = -27.528892825198938
energy = evaluate_energy(protein, J_mat) = -17.230867772102687
energy = evaluate_energy(protein, J_mat) = -22.717645114488732
energy = evaluate_energy(protein, J_mat) = -28.28013873702811
energy = evaluate_energy(protein, J_mat) = -20.888815933944464
energy = evaluate_energy(protein, J_mat) = -30.07970295962403
energy = evaluate_energy(protein, J_mat) = -39.65631166248826
energy = evaluate_energy(protein, J_mat) = -38.5634497463826
energy = evaluate_energy(protein, J_mat) = -39.15536584052864
energy = evaluate_energy(protein, J_mat) = -35.22485552469583
energy = evaluate_energy(protein, J_mat) = -32.802773393641175
energy = evaluate_energy(protein, J_mat) = -22.132949371953423
energy = evaluate_energy(protein, J_mat) = -61.593640415422286
energy = evaluate_energy(protein, J_mat) = -49.06323214174964
energy = evaluate_energy(protein, J_mat) = -63.477366363817225
energy = evaluate_energy(protein, J_mat) = -59.78436757269585
energy = evaluate_energy(protein, J_mat) = -41.98664912625883
energy = evaluate_energy(protein, J_mat) = -50.547833169358555
energy = evaluate_energy(protein, J_mat) = -60.0390617466977
energy = evaluate_energy(protein, J_mat) = -51.68204627879487
energy = evaluate_energy(protein, J_mat) = -43.63462891464153
energy = evaluate_energy(protein, J_mat) = -66.01534480268398
energy = evaluate_energy(protein, J_mat) = -56.751220844072584
energy = evaluate_energy(protein, J_mat) = -41.28168090863813
energy = evaluate_energy(protein, J_mat) = -41.67221496544804
energy = evaluate_energy(protein, J_mat) = -37.85329695295867
energy = evaluate_energy(protein, J_mat) = -35.656673071251504
energy = evaluate_energy(protein, J_mat) = -27.29599545161333
energy = evaluate_energy(protein, J_mat) = -42.51336508136909
energy = evaluate_energy(protein, J_mat) = -51.90195667812296
energy = evaluate_energy(protein, J_mat) = -46.27839528525816
energy = evaluate_energy(protein, J_mat) = -56.21953408042283
energy = evaluate_energy(protein, J_mat) = -42.11755228267799
energy = evaluate_energy(protein, J_mat) = -36.908135002073266
energy = evaluate_energy(protein, J_mat) = -25.528865759300263
energy = evaluate_energy(protein, J_mat) = -70.99951680337453
energy = evaluate_energy(protein, J_mat) = -44.26637953041234
energy = evaluate_energy(protein, J_mat) = -30.793267088260407
energy = evaluate_energy(protein, J_mat) = -57.677694053721346
energy = evaluate_energy(protein, J_mat) = -48.804230545791675
energy = evaluate_energy(protein, J_mat) = -22.03464348833177
energy = evaluate_energy(protein, J_mat) = -16.6856544844402
energy = evaluate_energy(protein, J_mat) = -45.768354997563435
energy = evaluate_energy(protein, J_mat) = -55.63606617895357
energy = evaluate_energy(protein, J_mat) = -35.20880546089385
energy = evaluate_energy(protein, J_mat) = -37.16464464838275
energy = evaluate_energy(protein, J_mat) = -27.502163058347346
energy = evaluate_energy(protein, J_mat) = -52.076825977275554
energy = evaluate_energy(protein, J_mat) = -35.62733074192772
energy = evaluate_energy(protein, J_mat) = -32.5710538877819
energy = evaluate_energy(protein, J_mat) = -26.291967866815995
energy = evaluate_energy(protein, J_mat) = -38.61544807299771
energy = evaluate_energy(protein, J_mat) = -23.68921750827314
energy = evaluate_energy(protein, J_mat) = -21.394746577118703
energy = evaluate_energy(protein, J_mat) = -21.394746577118703
energy = evaluate_energy(protein, J_mat) = -45.61307806285404
energy = evaluate_energy(protein, J_mat) = -12.843127241835056
energy = evaluate_energy(protein, J_mat) = -29.213235406193412
energy = evaluate_energy(protein, J_mat) = -29.386698078605846
energy = evaluate_energy(protein, J_mat) = -34.80814967290615
energy = evaluate_energy(protein, J_mat) = -17.609252635630423
energy = evaluate_energy(protein, J_mat) = -23.49161764417696
energy = evaluate_energy(protein, J_mat) = -29.56293161348661
energy = evaluate_energy(protein, J_mat) = -32.43660541239084
energy = evaluate_energy(protein, J_mat) = -47.733125690234765
energy = evaluate_energy(protein, J_mat) = -24.441359744682742
energy = evaluate_energy(protein, J_mat) = -27.630136260854876
energy = evaluate_energy(protein, J_mat) = -33.27090025228795
energy = evaluate_energy(protein, J_mat) = -25.28591023429953
energy = evaluate_energy(protein, J_mat) = -29.164829089307496
energy = evaluate_energy(protein, J_mat) = -43.93598236284129
energy = evaluate_energy(protein, J_mat) = -53.16290881387842
energy = evaluate_energy(protein, J_mat) = -52.48963647479492
energy = evaluate_energy(protein, J_mat) = -26.4112171707082
energy = evaluate_energy(protein, J_mat) = -44.64833863169562
energy = evaluate_energy(protein, J_mat) = -37.94976089640105
energy = evaluate_energy(protein, J_mat) = -37.66054571621211
energy = evaluate_energy(protein, J_mat) = -35.040405665908544
energy = evaluate_energy(protein, J_mat) = -35.3925974414355
energy = evaluate_energy(protein, J_mat) = -18.6861783897253
energy = evaluate_energy(protein, J_mat) = -30.413783492384567
energy = evaluate_energy(protein, J_mat) = -36.03958088172092
energy = evaluate_energy(protein, J_mat) = -40.86422775684622
energy = evaluate_energy(protein, J_mat) = -41.588785724057665
energy = evaluate_energy(protein, J_mat) = -37.867677335592646
energy = evaluate_energy(protein, J_mat) = -11.577806011323041
energy = evaluate_energy(protein, J_mat) = -30.272196049888873
energy = evaluate_energy(protein, J_mat) = -31.36459683353826
energy = evaluate_energy(protein, J_mat) = -23.97806120543997
energy = evaluate_energy(protein, J_mat) = -32.125226721593975
energy = evaluate_energy(protein, J_mat) = -44.69112239293173
energy = evaluate_energy(protein, J_mat) = -24.22102747823392
energy = evaluate_energy(protein, J_mat) = -28.812722959299382
energy = evaluate_energy(protein, J_mat) = -32.131651458949044
energy = evaluate_energy(protein, J_mat) = -43.196757112577025
energy = evaluate_energy(protein, J_mat) = -42.390470173842
energy = evaluate_energy(protein, J_mat) = -30.26103165292097
energy = evaluate_energy(protein, J_mat) = -43.158929312236346
energy = evaluate_energy(protein, J_mat) = -30.466138287966643
energy = evaluate_energy(protein, J_mat) = -38.14177926233538
energy = evaluate_energy(protein, J_mat) = -35.31150111626797
energy = evaluate_energy(protein, J_mat) = -56.18206297938812
energy = evaluate_energy(protein, J_mat) = -56.30616832955461
energy = evaluate_energy(protein, J_mat) = -51.521064210278126
energy = evaluate_energy(protein, J_mat) = -46.964167847746836
energy = evaluate_energy(protein, J_mat) = -49.86297906012696
energy = evaluate_energy(protein, J_mat) = -51.66628975427412
energy = evaluate_energy(protein, J_mat) = -36.14846757943375
energy = evaluate_energy(protein, J_mat) = -39.50600732389484
energy = evaluate_energy(protein, J_mat) = -57.56861702632733
energy = evaluate_energy(protein, J_mat) = -49.48185268257724
energy = evaluate_energy(protein, J_mat) = -64.8435953308167
energy = evaluate_energy(protein, J_mat) = -63.876112168161356
energy = evaluate_energy(protein, J_mat) = -41.5181233212367
energy = evaluate_energy(protein, J_mat) = -63.424580050423884
energy = evaluate_energy(protein, J_mat) = -35.74717611528211
energy = evaluate_energy(protein, J_mat) = -27.233871769703505
energy = evaluate_energy(protein, J_mat) = -40.413287855772
energy = evaluate_energy(protein, J_mat) = -47.95411455206251
energy = evaluate_energy(protein, J_mat) = -34.9513717658307
energy = evaluate_energy(protein, J_mat) = -35.17969755924215
energy = evaluate_energy(protein, J_mat) = -41.147754891098096
energy = evaluate_energy(protein, J_mat) = -59.10184742310838
energy = evaluate_energy(protein, J_mat) = -44.66186150632751
energy = evaluate_energy(protein, J_mat) = -39.36837345407402
energy = evaluate_energy(protein, J_mat) = -55.89239696014521
energy = evaluate_energy(protein, J_mat) = -40.83201847582916
energy = evaluate_energy(protein, J_mat) = -43.71587750858317
energy = evaluate_energy(protein, J_mat) = -34.17832694409951
energy = evaluate_energy(protein, J_mat) = -25.808172849733126
energy = evaluate_energy(protein, J_mat) = -41.630726687604266
energy = evaluate_energy(protein, J_mat) = -47.7055552841289
energy = evaluate_energy(protein, J_mat) = -51.06507900092304
energy = evaluate_energy(protein, J_mat) = -33.920706769425436
energy = evaluate_energy(protein, J_mat) = -39.50910322384807
energy = evaluate_energy(protein, J_mat) = -53.247511384377525
energy = evaluate_energy(protein, J_mat) = -50.51248331765167
energy = evaluate_energy(protein, J_mat) = -48.686313889586664
energy = evaluate_energy(protein, J_mat) = -45.79890827854984
energy = evaluate_energy(protein, J_mat) = -63.03512464140242
energy = evaluate_energy(protein, J_mat) = -39.456558208567806
energy = evaluate_energy(protein, J_mat) = -34.566068745585994
energy = evaluate_energy(protein, J_mat) = -54.436815685557
energy = evaluate_energy(protein, J_mat) = -39.925256755094544
energy = evaluate_energy(protein, J_mat) = -46.19179843701622
energy = evaluate_energy(protein, J_mat) = -61.63109041900389
energy = evaluate_energy(protein, J_mat) = -62.42235745314988
energy = evaluate_energy(protein, J_mat) = -58.53558638575586
energy = evaluate_energy(protein, J_mat) = -63.55080587603847
energy = evaluate_energy(protein, J_mat) = -61.73324048644245
energy = evaluate_energy(protein, J_mat) = -71.55226216270238
energy = evaluate_energy(protein, J_mat) = -64.28536560922208
energy = evaluate_energy(protein, J_mat) = -57.92276135019572
energy = evaluate_energy(protein, J_mat) = -49.279923569165604
energy = evaluate_energy(protein, J_mat) = -56.945580516465085
energy = evaluate_energy(protein, J_mat) = -82.39714541725078
energy = evaluate_energy(protein, J_mat) = -57.39968933018793
energy = evaluate_energy(protein, J_mat) = -46.208731941245524
energy = evaluate_energy(protein, J_mat) = -41.936953502308356
energy = evaluate_energy(protein, J_mat) = -33.58455852268153
energy = evaluate_energy(protein, J_mat) = -35.94945203266222
energy = evaluate_energy(protein, J_mat) = -50.76628896351231
energy = evaluate_energy(protein, J_mat) = -34.8448825439867
energy = evaluate_energy(protein, J_mat) = -38.310628230051215
energy = evaluate_energy(protein, J_mat) = -50.92088488027297
energy = evaluate_energy(protein, J_mat) = -42.834795727668315
energy = evaluate_energy(protein, J_mat) = -59.96856232082127
energy = evaluate_energy(protein, J_mat) = -51.897403656310495
energy = evaluate_energy(protein, J_mat) = -37.801616689933276
energy = evaluate_energy(protein, J_mat) = -47.08396845897143
energy = evaluate_energy(protein, J_mat) = -48.68381940920552
energy = evaluate_energy(protein, J_mat) = -39.384968441922226
energy = evaluate_energy(protein, J_mat) = -36.32546467387098
energy = evaluate_energy(protein, J_mat) = -47.73234622978807
energy = evaluate_energy(protein, J_mat) = -68.98727040521472
energy = evaluate_energy(protein, J_mat) = -56.203280473255035
energy = evaluate_energy(protein, J_mat) = -47.38036836699356
energy = evaluate_energy(protein, J_mat) = -52.99819342128506
energy = evaluate_energy(protein, J_mat) = -49.67559531129356
energy = evaluate_energy(protein, J_mat) = -39.602300106285995
energy = evaluate_energy(protein, J_mat) = -45.10901619852184
energy = evaluate_energy(protein, J_mat) = -47.18958109147307
energy = evaluate_energy(protein, J_mat) = -45.66968029809479
energy = evaluate_energy(protein, J_mat) = -55.3610738287919
energy = evaluate_energy(protein, J_mat) = -63.85801720640695
energy = evaluate_energy(protein, J_mat) = -39.06176470313188
energy = evaluate_energy(protein, J_mat) = -58.85785626266446
energy = evaluate_energy(protein, J_mat) = -55.807557679974444
energy = evaluate_energy(protein, J_mat) = -46.94082904605656
energy = evaluate_energy(protein, J_mat) = -46.999675721746534
energy = evaluate_energy(protein, J_mat) = -34.79043328322899
energy = evaluate_energy(protein, J_mat) = -38.76928916141517
energy = evaluate_energy(protein, J_mat) = -40.31044333043507
energy = evaluate_energy(protein, J_mat) = -44.891847062799975
energy = evaluate_energy(protein, J_mat) = -44.55572106086977
energy = evaluate_energy(protein, J_mat) = -53.8911795260477
energy = evaluate_energy(protein, J_mat) = -21.379259768470206
energy = evaluate_energy(protein, J_mat) = -47.83020017040882
energy = evaluate_energy(protein, J_mat) = -51.84184696251655
energy = evaluate_energy(protein, J_mat) = -61.77750768477467
energy = evaluate_energy(protein, J_mat) = -45.68020873232621
energy = evaluate_energy(protein, J_mat) = -41.523127135223234
energy = evaluate_energy(protein, J_mat) = -50.349890334523806
energy = evaluate_energy(protein, J_mat) = -68.45025382277943
energy = evaluate_energy(protein, J_mat) = -46.79944492720433
energy = evaluate_energy(protein, J_mat) = -63.73301577334842
energy = evaluate_energy(protein, J_mat) = -56.49318385800291
energy = evaluate_energy(protein, J_mat) = -60.90122426585168
energy = evaluate_energy(protein, J_mat) = -59.69682858340055
energy = evaluate_energy(protein, J_mat) = -53.81295188810534
energy = evaluate_energy(protein, J_mat) = -35.23424824487213
energy = evaluate_energy(protein, J_mat) = -46.869066369293215
energy = evaluate_energy(protein, J_mat) = -51.270307438861366
energy = evaluate_energy(protein, J_mat) = -32.03870737486869
energy = evaluate_energy(protein, J_mat) = -46.102424925026796
energy = evaluate_energy(protein, J_mat) = -43.06660121592105
energy = evaluate_energy(protein, J_mat) = -57.054865592220395
energy = evaluate_energy(protein, J_mat) = -33.500865990522655
energy = evaluate_energy(protein, J_mat) = -49.69547770806034
energy = evaluate_energy(protein, J_mat) = -36.55552151925984
energy = evaluate_energy(protein, J_mat) = -48.896211987312725
energy = evaluate_energy(protein, J_mat) = -67.07596742021468
energy = evaluate_energy(protein, J_mat) = -52.03300003687903
energy = evaluate_energy(protein, J_mat) = -59.679655238157565
energy = evaluate_energy(protein, J_mat) = -59.25619318803959
energy = evaluate_energy(protein, J_mat) = -56.970476486989426
energy = evaluate_energy(protein, J_mat) = -69.30405239827293
energy = evaluate_energy(protein, J_mat) = -56.109323390645415
energy = evaluate_energy(protein, J_mat) = -39.0182208251455
energy = evaluate_energy(protein, J_mat) = -37.037750455350476
energy = evaluate_energy(protein, J_mat) = -38.462513808976595
energy = evaluate_energy(protein, J_mat) = -21.628391962825724
energy = evaluate_energy(protein, J_mat) = -32.19943227570659
energy = evaluate_energy(protein, J_mat) = -19.138742300562544
energy = evaluate_energy(protein, J_mat) = -57.20263700826918
energy = evaluate_energy(protein, J_mat) = -42.292526004075995
energy = evaluate_energy(protein, J_mat) = -53.057404160666565
energy = evaluate_energy(protein, J_mat) = -51.47277722356034
energy = evaluate_energy(protein, J_mat) = -45.426245005978174
energy = evaluate_energy(protein, J_mat) = -52.687820440336395
energy = evaluate_energy(protein, J_mat) = -56.11967219460581
energy = evaluate_energy(protein, J_mat) = -43.9412741429355
energy = evaluate_energy(protein, J_mat) = -53.011764594633206
energy = evaluate_energy(protein, J_mat) = -49.95868537848405
energy = evaluate_energy(protein, J_mat) = -60.48095809842481
energy = evaluate_energy(protein, J_mat) = -32.79186103250266
energy = evaluate_energy(protein, J_mat) = -56.22397365703759
energy = evaluate_energy(protein, J_mat) = -61.73826202866198
energy = evaluate_energy(protein, J_mat) = -52.766394971266095
energy = evaluate_energy(protein, J_mat) = -57.9825437603464
energy = evaluate_energy(protein, J_mat) = -53.49788773141915
energy = evaluate_energy(protein, J_mat) = -48.67101455635574
energy = evaluate_energy(protein, J_mat) = -30.040744249859344
energy = evaluate_energy(protein, J_mat) = -31.26458819057715
energy = evaluate_energy(protein, J_mat) = -73.49465750125138
energy = evaluate_energy(protein, J_mat) = -57.15076535259239
energy = evaluate_energy(protein, J_mat) = -69.06396674004822
energy = evaluate_energy(protein, J_mat) = -53.869870442095944
energy = evaluate_energy(protein, J_mat) = -56.73775050822353
energy = evaluate_energy(protein, J_mat) = -59.08391824944903
energy = evaluate_energy(protein, J_mat) = -41.59522895976124
energy = evaluate_energy(protein, J_mat) = -75.05030453144866
energy = evaluate_energy(protein, J_mat) = -46.316852503747626
energy = evaluate_energy(protein, J_mat) = -44.08858945969277
energy = evaluate_energy(protein, J_mat) = -59.35987777888115
energy = evaluate_energy(protein, J_mat) = -69.04301981670832
energy = evaluate_energy(protein, J_mat) = -77.82181327964987
energy = evaluate_energy(protein, J_mat) = -54.586930588482886
energy = evaluate_energy(protein, J_mat) = -85.42899696021433
energy = evaluate_energy(protein, J_mat) = -54.52690364537006
energy = evaluate_energy(protein, J_mat) = -72.67424481865692
energy = evaluate_energy(protein, J_mat) = -63.13938807318836
energy = evaluate_energy(protein, J_mat) = -85.3402868849443
energy = evaluate_energy(protein, J_mat) = -60.73752868687212
energy = evaluate_energy(protein, J_mat) = -61.66707076961329
energy = evaluate_energy(protein, J_mat) = -70.3929267855702
energy = evaluate_energy(protein, J_mat) = -80.16000399748484
energy = evaluate_energy(protein, J_mat) = -76.75285121776221
energy = evaluate_energy(protein, J_mat) = -68.93240949836338
energy = evaluate_energy(protein, J_mat) = -53.05683259083932
energy = evaluate_energy(protein, J_mat) = -60.488605145700035
energy = evaluate_energy(protein, J_mat) = -59.89185376804959
energy = evaluate_energy(protein, J_mat) = -65.43743605108463
energy = evaluate_energy(protein, J_mat) = -75.38102616439625
energy = evaluate_energy(protein, J_mat) = -67.49782749790788
energy = evaluate_energy(protein, J_mat) = -56.59887938861611
energy = evaluate_energy(protein, J_mat) = -60.52727174949121
energy = evaluate_energy(protein, J_mat) = -81.79714153683895
energy = evaluate_energy(protein, J_mat) = -72.93236522233498
energy = evaluate_energy(protein, J_mat) = -68.25443476445402
energy = evaluate_energy(protein, J_mat) = -73.89417373335382
energy = evaluate_energy(protein, J_mat) = -55.73485843930254
energy = evaluate_energy(protein, J_mat) = -72.12990917776696
energy = evaluate_energy(protein, J_mat) = -74.71968521136743
energy = evaluate_energy(protein, J_mat) = -70.17529678215078
energy = evaluate_energy(protein, J_mat) = -56.68600110145906
energy = evaluate_energy(protein, J_mat) = -48.144759625265216
energy = evaluate_energy(protein, J_mat) = -60.71802920914713
energy = evaluate_energy(protein, J_mat) = -74.72623947334363
energy = evaluate_energy(protein, J_mat) = -71.45649711323026
energy = evaluate_energy(protein, J_mat) = -52.46486204641101
energy = evaluate_energy(protein, J_mat) = -74.53036909762874
energy = evaluate_energy(protein, J_mat) = -66.87829165765565
energy = evaluate_energy(protein, J_mat) = -74.73172159222095
energy = evaluate_energy(protein, J_mat) = -65.56612624210068
energy = evaluate_energy(protein, J_mat) = -48.30632772905883
energy = evaluate_energy(protein, J_mat) = -59.746770743628986
energy = evaluate_energy(protein, J_mat) = -62.733301459870276
energy = evaluate_energy(protein, J_mat) = -37.34921755755269
energy = evaluate_energy(protein, J_mat) = -41.382661989509664
energy = evaluate_energy(protein, J_mat) = -25.094961551932467
energy = evaluate_energy(protein, J_mat) = -20.151820295866482
energy = evaluate_energy(protein, J_mat) = -46.63499327997056
energy = evaluate_energy(protein, J_mat) = -52.32676504593941
energy = evaluate_energy(protein, J_mat) = -61.42428937392738
energy = evaluate_energy(protein, J_mat) = -63.227357214156
energy = evaluate_energy(protein, J_mat) = -64.60351076125075
energy = evaluate_energy(protein, J_mat) = -47.68874201530122
energy = evaluate_energy(protein, J_mat) = -60.20318795002808
energy = evaluate_energy(protein, J_mat) = -69.54855205648452
energy = evaluate_energy(protein, J_mat) = -62.909417683503825
energy = evaluate_energy(protein, J_mat) = -63.85096637768438
energy = evaluate_energy(protein, J_mat) = -89.66185535435832
energy = evaluate_energy(protein, J_mat) = -77.54277482209518
energy = evaluate_energy(protein, J_mat) = -63.88197377067336
energy = evaluate_energy(protein, J_mat) = -82.00769433428462
energy = evaluate_energy(protein, J_mat) = -64.49400990488128
energy = evaluate_energy(protein, J_mat) = -82.44121296135066
energy = evaluate_energy(protein, J_mat) = -59.815443258629266
energy = evaluate_energy(protein, J_mat) = -73.33789358581612
energy = evaluate_energy(protein, J_mat) = -58.951062829619936
energy = evaluate_energy(protein, J_mat) = -70.7215352102068
energy = evaluate_energy(protein, J_mat) = -65.65213132765413
energy = evaluate_energy(protein, J_mat) = -40.01660733888762
energy = evaluate_energy(protein, J_mat) = -69.2920632509017
energy = evaluate_energy(protein, J_mat) = -70.44447872961106
energy = evaluate_energy(protein, J_mat) = -60.8035592378899
energy = evaluate_energy(protein, J_mat) = -61.01108961602596
energy = evaluate_energy(protein, J_mat) = -67.02029171661611
energy = evaluate_energy(protein, J_mat) = -82.07845995464679
energy = evaluate_energy(protein, J_mat) = -80.21565273534668
energy = evaluate_energy(protein, J_mat) = -64.60793745695042
energy = evaluate_energy(protein, J_mat) = -92.42016822871015
energy = evaluate_energy(protein, J_mat) = -62.08913714569946
energy = evaluate_energy(protein, J_mat) = -51.45544360098802
energy = evaluate_energy(protein, J_mat) = -45.58596814193967
energy = evaluate_energy(protein, J_mat) = -64.70076043789503
energy = evaluate_energy(protein, J_mat) = -70.33344497099482
energy = evaluate_energy(protein, J_mat) = -65.3756143007767
energy = evaluate_energy(protein, J_mat) = -49.65586735105655
energy = evaluate_energy(protein, J_mat) = -35.03687122227494
energy = evaluate_energy(protein, J_mat) = -46.72279930167092
energy = evaluate_energy(protein, J_mat) = -39.14528937091768
energy = evaluate_energy(protein, J_mat) = -58.20689978491074
energy = evaluate_energy(protein, J_mat) = -54.88725238044888
energy = evaluate_energy(protein, J_mat) = -53.84435270374018
energy = evaluate_energy(protein, J_mat) = -32.21006670081372
energy = evaluate_energy(protein, J_mat) = -47.05260863528443
energy = evaluate_energy(protein, J_mat) = -48.80970329968974
energy = evaluate_energy(protein, J_mat) = -71.42724542278111
energy = evaluate_energy(protein, J_mat) = -53.46947103113855
energy = evaluate_energy(protein, J_mat) = -51.02521825918554
energy = evaluate_energy(protein, J_mat) = -56.82898110694067
energy = evaluate_energy(protein, J_mat) = -46.792953376737536
energy = evaluate_energy(protein, J_mat) = -56.39781312835256
energy = evaluate_energy(protein, J_mat) = -34.35195064663221
energy = evaluate_energy(protein, J_mat) = -60.12943373015265
energy = evaluate_energy(protein, J_mat) = -39.646126072931644
energy = evaluate_energy(protein, J_mat) = -77.74575748028214
energy = evaluate_energy(protein, J_mat) = -78.52374303206365
energy = evaluate_energy(protein, J_mat) = -60.240055803888346
energy = evaluate_energy(protein, J_mat) = -63.39708114100818
energy = evaluate_energy(protein, J_mat) = -60.42055280278531
energy = evaluate_energy(protein, J_mat) = -59.34760032510503
energy = evaluate_energy(protein, J_mat) = -71.55567998325338
energy = evaluate_energy(protein, J_mat) = -38.640671578123
energy = evaluate_energy(protein, J_mat) = -57.99762047428766
energy = evaluate_energy(protein, J_mat) = -65.27358911845143
energy = evaluate_energy(protein, J_mat) = -45.34112305501103
energy = evaluate_energy(protein, J_mat) = -58.058675677750884
energy = evaluate_energy(protein, J_mat) = -57.09808217602021
energy = evaluate_energy(protein, J_mat) = -54.747380103331174
energy = evaluate_energy(protein, J_mat) = -36.30496219908153
energy = evaluate_energy(protein, J_mat) = -52.58577780521988
energy = evaluate_energy(protein, J_mat) = -28.570184218908313
energy = evaluate_energy(protein, J_mat) = -55.54119039656849
energy = evaluate_energy(protein, J_mat) = -63.7090776408685
energy = evaluate_energy(protein, J_mat) = -49.250703158968065
energy = evaluate_energy(protein, J_mat) = -46.34989142489299
energy = evaluate_energy(protein, J_mat) = -29.537484385039527
energy = evaluate_energy(protein, J_mat) = -39.6271509819101
energy = evaluate_energy(protein, J_mat) = -35.30640040303205
energy = evaluate_energy(protein, J_mat) = -41.85285060228612
energy = evaluate_energy(protein, J_mat) = -29.149651100845666
energy = evaluate_energy(protein, J_mat) = -47.713794058899474
energy = evaluate_energy(protein, J_mat) = -17.905679402456315
energy = evaluate_energy(protein, J_mat) = -34.3330527388926
energy = evaluate_energy(protein, J_mat) = -46.235223644204254
energy = evaluate_energy(protein, J_mat) = -49.82980536325026
energy = evaluate_energy(protein, J_mat) = -54.14980088474566
energy = evaluate_energy(protein, J_mat) = -59.50008421164886
energy = evaluate_energy(protein, J_mat) = -42.85460474347537
energy = evaluate_energy(protein, J_mat) = -49.07434682200853
energy = evaluate_energy(protein, J_mat) = -41.95016063818917
energy = evaluate_energy(protein, J_mat) = -33.83089107162244
energy = evaluate_energy(protein, J_mat) = -44.842149033856
energy = evaluate_energy(protein, J_mat) = -28.201320339535922
energy = evaluate_energy(protein, J_mat) = -43.69290889004537
energy = evaluate_energy(protein, J_mat) = -9.278101114377385
energy = evaluate_energy(protein, J_mat) = -14.492217920236929
energy = evaluate_energy(protein, J_mat) = -28.92124000522317
energy = evaluate_energy(protein, J_mat) = -31.050267632969447
energy = evaluate_energy(protein, J_mat) = -30.467956537398088
energy = evaluate_energy(protein, J_mat) = -39.71267788321558
energy = evaluate_energy(protein, J_mat) = -26.264291955830885
energy = evaluate_energy(protein, J_mat) = -53.514802370384345
energy = evaluate_energy(protein, J_mat) = -45.88373910023341
energy = evaluate_energy(protein, J_mat) = -23.077308024046037
energy = evaluate_energy(protein, J_mat) = -32.3179433533139
energy = evaluate_energy(protein, J_mat) = -27.322885300527506
energy = evaluate_energy(protein, J_mat) = -39.65076969875197
energy = evaluate_energy(protein, J_mat) = -26.049753610325133
energy = evaluate_energy(protein, J_mat) = -54.16571373723783
energy = evaluate_energy(protein, J_mat) = -31.324812380052396
energy = evaluate_energy(protein, J_mat) = -37.54507702199304
energy = evaluate_energy(protein, J_mat) = -45.673063651334324
energy = evaluate_energy(protein, J_mat) = -43.44034779160521
energy = evaluate_energy(protein, J_mat) = -34.12222427046378
energy = evaluate_energy(protein, J_mat) = -37.974407048001055
energy = evaluate_energy(protein, J_mat) = -34.45646313258162
energy = evaluate_energy(protein, J_mat) = -41.06544112840538
energy = evaluate_energy(protein, J_mat) = -32.50116889875211
energy = evaluate_energy(protein, J_mat) = -17.5849598003784
energy = evaluate_energy(protein, J_mat) = -46.0571038745036
energy = evaluate_energy(protein, J_mat) = -55.94504240188792
energy = evaluate_energy(protein, J_mat) = -52.40685610741583
energy = evaluate_energy(protein, J_mat) = -48.74624530317679
energy = evaluate_energy(protein, J_mat) = -18.070917979353872
energy = evaluate_energy(protein, J_mat) = -20.527302117441085
energy = evaluate_energy(protein, J_mat) = -19.508106447150045
energy = evaluate_energy(protein, J_mat) = -23.11799155754439
energy = evaluate_energy(protein, J_mat) = -40.528999964822646
energy = evaluate_energy(protein, J_mat) = -46.85164758739477
energy = evaluate_energy(protein, J_mat) = -44.2474396430114
energy = evaluate_energy(protein, J_mat) = -48.572413061865575
energy = evaluate_energy(protein, J_mat) = -65.29834264601739
energy = evaluate_energy(protein, J_mat) = -52.69501593216188
energy = evaluate_energy(protein, J_mat) = -24.947720238059098
energy = evaluate_energy(protein, J_mat) = -34.740834614315716
energy = evaluate_energy(protein, J_mat) = -14.642839551874275
energy = evaluate_energy(protein, J_mat) = -27.109539315906133
energy = evaluate_energy(protein, J_mat) = -19.529787768595003
energy = evaluate_energy(protein, J_mat) = -31.078311773657262
energy = evaluate_energy(protein, J_mat) = -40.660371220671216
energy = evaluate_energy(protein, J_mat) = -31.645382219839675
energy = evaluate_energy(protein, J_mat) = -30.513117483793494
energy = evaluate_energy(protein, J_mat) = -44.29038161166495
energy = evaluate_energy(protein, J_mat) = -22.024318601408325
energy = evaluate_energy(protein, J_mat) = -20.391143977971602
energy = evaluate_energy(protein, J_mat) = -30.402267507898976
energy = evaluate_energy(protein, J_mat) = -38.28671172874819
energy = evaluate_energy(protein, J_mat) = -27.245920628656467
energy = evaluate_energy(protein, J_mat) = -30.62926255730848
energy = evaluate_energy(protein, J_mat) = -46.069911072198735
energy = evaluate_energy(protein, J_mat) = -42.66989138087193
energy = evaluate_energy(protein, J_mat) = -27.208705383311074
energy = evaluate_energy(protein, J_mat) = -19.30316486539516
energy = evaluate_energy(protein, J_mat) = -19.78961266912684
energy = evaluate_energy(protein, J_mat) = -31.482039235313916
energy = evaluate_energy(protein, J_mat) = -39.44723292522055
energy = evaluate_energy(protein, J_mat) = -34.87501101570627
energy = evaluate_energy(protein, J_mat) = -21.469021715082654
energy = evaluate_energy(protein, J_mat) = -23.635526054164032
energy = evaluate_energy(protein, J_mat) = -26.661242251704696
energy = evaluate_energy(protein, J_mat) = -29.160456101079646
energy = evaluate_energy(protein, J_mat) = -18.87904654832893
energy = evaluate_energy(protein, J_mat) = -39.266662373692576
energy = evaluate_energy(protein, J_mat) = -50.40498968037721
energy = evaluate_energy(protein, J_mat) = -37.932373523194876
